0 2.77981e+07
0.3 2.78181e+07
0.6 2.7838e+07
0.9 2.78579e+07
1.2 2.78778e+07
1.5 2.78976e+07
1.8 2.79173e+07
2.1 2.7937e+07
2.4 2.79567e+07
2.7 2.79763e+07
3 2.79958e+07
3.3 2.80154e+07
3.6 2.80348e+07
3.9 2.80543e+07
4.2 2.80737e+07
4.5 2.8093e+07
4.8 2.81123e+07
5.1 2.81315e+07
5.4 2.81507e+07
5.7 2.81699e+07
6 2.8189e+07
6.3 2.82081e+07
6.6 2.82271e+07
6.9 2.82461e+07
7.2 2.8265e+07
7.5 2.82839e+07
7.8 2.83027e+07
8.1 2.83215e+07
8.4 2.83403e+07
8.7 2.8359e+07
9 2.83776e+07
9.3 2.83962e+07
9.6 2.84148e+07
9.9 2.84333e+07
10.2 2.84518e+07
10.5 2.84702e+07
10.8 2.84886e+07
11.1 2.85069e+07
11.4 2.85252e+07
11.7 2.85434e+07
12 2.85616e+07
12.3 2.85798e+07
12.6 2.85979e+07
12.9 2.8616e+07
13.2 2.8634e+07
13.5 2.8652e+07
13.8 2.86699e+07
14.1 2.86878e+07
14.4 2.87056e+07
14.7 2.87234e+07
15 2.87411e+07
15.3 2.87588e+07
15.6 2.87765e+07
15.9 2.87941e+07
16.2 2.88116e+07
16.5 2.88292e+07
16.8 2.88466e+07
17.1 2.88641e+07
17.4 2.88814e+07
17.7 2.88988e+07
18 2.89161e+07
18.3 2.89333e+07
18.6 2.89505e+07
18.9 2.89676e+07
19.2 2.89847e+07
19.5 2.90018e+07
19.8 2.90188e+07
20.1 2.90358e+07
20.4 2.90527e+07
20.7 2.90696e+07
21 2.90864e+07
21.3 2.91032e+07
21.6 2.91199e+07
21.9 2.91366e+07
22.2 2.91533e+07
22.5 2.91699e+07
22.8 2.91864e+07
23.1 2.9203e+07
23.4 2.92194e+07
23.7 2.92358e+07
24 2.92522e+07
24.3 2.92685e+07
24.6 2.92848e+07
24.9 2.93011e+07
25.2 2.93173e+07
25.5 2.93334e+07
25.8 2.93495e+07
26.1 2.93656e+07
26.4 2.93816e+07
26.7 2.93975e+07
27 2.94135e+07
27.3 2.94293e+07
27.6 2.94452e+07
27.9 2.94609e+07
28.2 2.94767e+07
28.5 2.94924e+07
28.8 2.9508e+07
29.1 2.95236e+07
29.4 2.95392e+07
29.7 2.95547e+07
30 2.95701e+07
30.3 2.95856e+07
30.6 2.96009e+07
30.9 2.96163e+07
31.2 2.96315e+07
31.5 2.96468e+07
31.8 2.9662e+07
32.1 2.96771e+07
32.4 2.96922e+07
32.7 2.97073e+07
33 2.97223e+07
33.3 2.97372e+07
33.6 2.97521e+07
33.9 2.9767e+07
34.2 2.97818e+07
34.5 2.97966e+07
34.8 2.98114e+07
35.1 2.9826e+07
35.4 2.98407e+07
35.7 2.98553e+07
36 2.98698e+07
36.3 2.98843e+07
36.6 2.98988e+07
36.9 2.99132e+07
37.2 2.99276e+07
37.5 2.99419e+07
37.8 2.99562e+07
38.1 2.99704e+07
38.4 2.99846e+07
38.7 2.99987e+07
39 3.00128e+07
39.3 3.00269e+07
39.6 3.00409e+07
39.9 3.00548e+07
40.2 3.00688e+07
40.5 3.00826e+07
40.8 3.00965e+07
41.1 3.01102e+07
41.4 3.0124e+07
41.7 3.01376e+07
42 3.01513e+07
42.3 3.01649e+07
42.6 3.01784e+07
42.9 3.01919e+07
43.2 3.02054e+07
43.5 3.02188e+07
43.8 3.02322e+07
44.1 3.02455e+07
44.4 3.02588e+07
44.7 3.0272e+07
45 3.02852e+07
45.3 3.02983e+07
45.6 3.03114e+07
45.9 3.03244e+07
46.2 3.03374e+07
46.5 3.03504e+07
46.8 3.03633e+07
47.1 3.03762e+07
47.4 3.0389e+07
47.7 3.04018e+07
48 3.04145e+07
48.3 3.04272e+07
48.6 3.04398e+07
48.9 3.04524e+07
49.2 3.04649e+07
49.5 3.04774e+07
49.8 3.04899e+07
50.1 3.05023e+07
50.4 3.05147e+07
50.7 3.0527e+07
51 3.05393e+07
51.3 3.05515e+07
51.6 3.05637e+07
51.9 3.05758e+07
52.2 3.05879e+07
52.5 3.05999e+07
52.8 3.06119e+07
53.1 3.06239e+07
53.4 3.06358e+07
53.7 3.06476e+07
54 3.06595e+07
54.3 3.06712e+07
54.6 3.0683e+07
54.9 3.06946e+07
55.2 3.07063e+07
55.5 3.07179e+07
55.8 3.07294e+07
56.1 3.07409e+07
56.4 3.07523e+07
56.7 3.07638e+07
57 3.07751e+07
57.3 3.07864e+07
57.6 3.07977e+07
57.9 3.08089e+07
58.2 3.08201e+07
58.5 3.08312e+07
58.8 3.08423e+07
59.1 3.08534e+07
59.4 3.08643e+07
59.7 3.08753e+07
60 3.08862e+07
60.3 3.08971e+07
60.6 3.09079e+07
60.9 3.09186e+07
61.2 3.09294e+07
61.5 3.094e+07
61.8 3.09507e+07
62.1 3.09612e+07
62.4 3.09718e+07
62.7 3.09823e+07
63 3.09927e+07
63.3 3.10031e+07
63.6 3.10135e+07
63.9 3.10238e+07
64.2 3.10341e+07
64.5 3.10443e+07
64.8 3.10545e+07
65.1 3.10646e+07
65.4 3.10747e+07
65.7 3.10847e+07
66 3.10947e+07
66.3 3.11046e+07
66.6 3.11145e+07
66.9 3.11244e+07
67.2 3.11342e+07
67.5 3.1144e+07
67.8 3.11537e+07
68.1 3.11634e+07
68.4 3.1173e+07
68.7 3.11826e+07
69 3.11921e+07
69.3 3.12016e+07
69.6 3.1211e+07
69.9 3.12204e+07
70.2 3.12298e+07
70.5 3.12391e+07
70.8 3.12484e+07
71.1 3.12576e+07
71.4 3.12667e+07
71.7 3.12759e+07
72 3.1285e+07
72.3 3.1294e+07
72.6 3.1303e+07
72.9 3.13119e+07
73.2 3.13208e+07
73.5 3.13297e+07
73.8 3.13385e+07
74.1 3.13472e+07
74.4 3.13559e+07
74.7 3.13646e+07
75 3.13732e+07
75.3 3.13818e+07
75.6 3.13904e+07
75.9 3.13988e+07
76.2 3.14073e+07
76.5 3.14157e+07
76.8 3.1424e+07
77.1 3.14323e+07
77.4 3.14406e+07
77.7 3.14488e+07
78 3.1457e+07
78.3 3.14651e+07
78.6 3.14732e+07
78.9 3.14812e+07
79.2 3.14892e+07
79.5 3.14971e+07
79.8 3.1505e+07
80.1 3.15129e+07
80.4 3.15207e+07
80.7 3.15284e+07
81 3.15361e+07
81.3 3.15438e+07
81.6 3.15514e+07
81.9 3.1559e+07
82.2 3.15665e+07
82.5 3.1574e+07
82.8 3.15815e+07
83.1 3.15888e+07
83.4 3.15962e+07
83.7 3.16035e+07
84 3.16108e+07
84.3 3.1618e+07
84.6 3.16251e+07
84.9 3.16322e+07
85.2 3.16393e+07
85.5 3.16463e+07
85.8 3.16533e+07
86.1 3.16603e+07
86.4 3.16672e+07
86.7 3.1674e+07
87 3.16808e+07
87.3 3.16876e+07
87.6 3.16943e+07
87.9 3.17009e+07
88.2 3.17075e+07
88.5 3.17141e+07
88.8 3.17206e+07
89.1 3.17271e+07
89.4 3.17336e+07
89.7 3.17399e+07
90 3.17463e+07
90.3 3.17526e+07
90.6 3.17588e+07
90.9 3.17651e+07
91.2 3.17712e+07
91.5 3.17773e+07
91.8 3.17834e+07
92.1 3.17894e+07
92.4 3.17954e+07
92.7 3.18013e+07
93 3.18072e+07
93.3 3.18131e+07
93.6 3.18189e+07
93.9 3.18246e+07
94.2 3.18303e+07
94.5 3.1836e+07
94.8 3.18416e+07
95.1 3.18472e+07
95.4 3.18527e+07
95.7 3.18582e+07
96 3.18636e+07
96.3 3.1869e+07
96.6 3.18743e+07
96.9 3.18796e+07
97.2 3.18849e+07
97.5 3.18901e+07
97.8 3.18952e+07
98.1 3.19003e+07
98.4 3.19054e+07
98.7 3.19104e+07
99 3.19154e+07
99.3 3.19203e+07
99.6 3.19252e+07
99.9 3.19301e+07
100.2 3.19349e+07
100.5 3.19396e+07
100.8 3.19443e+07
101.1 3.1949e+07
101.4 3.19536e+07
101.7 3.19581e+07
102 3.19627e+07
102.3 3.19671e+07
102.6 3.19716e+07
102.9 3.19759e+07
103.2 3.19803e+07
103.5 3.19846e+07
103.8 3.19888e+07
104.1 3.1993e+07
104.4 3.19972e+07
104.7 3.20013e+07
105 3.20054e+07
105.3 3.20094e+07
105.6 3.20133e+07
105.9 3.20173e+07
106.2 3.20212e+07
106.5 3.2025e+07
106.8 3.20288e+07
107.1 3.20325e+07
107.4 3.20362e+07
107.7 3.20399e+07
108 3.20435e+07
108.3 3.2047e+07
108.6 3.20506e+07
108.9 3.2054e+07
109.2 3.20575e+07
109.5 3.20608e+07
109.8 3.20642e+07
110.1 3.20675e+07
110.4 3.20707e+07
110.7 3.20739e+07
111 3.20771e+07
111.3 3.20802e+07
111.6 3.20832e+07
111.9 3.20862e+07
112.2 3.20892e+07
112.5 3.20921e+07
112.8 3.2095e+07
113.1 3.20978e+07
113.4 3.21006e+07
113.7 3.21034e+07
114 3.21061e+07
114.3 3.21087e+07
114.6 3.21113e+07
114.9 3.21139e+07
115.2 3.21164e+07
115.5 3.21189e+07
115.8 3.21213e+07
116.1 3.21237e+07
116.4 3.2126e+07
116.7 3.21283e+07
117 3.21305e+07
117.3 3.21327e+07
117.6 3.21349e+07
117.9 3.2137e+07
118.2 3.2139e+07
118.5 3.2141e+07
118.8 3.2143e+07
119.1 3.21449e+07
119.4 3.21468e+07
119.7 3.21486e+07
120 3.21504e+07
120.3 3.21522e+07
120.6 3.21539e+07
120.9 3.21555e+07
121.2 3.21571e+07
121.5 3.21587e+07
121.8 3.21602e+07
122.1 3.21616e+07
122.4 3.21631e+07
122.7 3.21644e+07
123 3.21658e+07
123.3 3.2167e+07
123.6 3.21683e+07
123.9 3.21695e+07
124.2 3.21706e+07
124.5 3.21717e+07
124.8 3.21728e+07
125.1 3.21738e+07
125.4 3.21747e+07
125.7 3.21757e+07
126 3.21765e+07
126.3 3.21774e+07
126.6 3.21781e+07
126.9 3.21789e+07
127.2 3.21796e+07
127.5 3.21802e+07
127.8 3.21808e+07
128.1 3.21814e+07
128.4 3.21819e+07
128.7 3.21823e+07
129 3.21828e+07
129.3 3.21831e+07
129.6 3.21834e+07
129.9 3.21837e+07
130.2 3.2184e+07
130.5 3.21841e+07
130.8 3.21843e+07
131.1 3.21844e+07
131.4 3.21844e+07
131.7 3.21844e+07
132 3.21844e+07
132.3 3.21843e+07
132.6 3.21842e+07
132.9 3.2184e+07
133.2 3.21838e+07
133.5 3.21835e+07
133.8 3.21832e+07
134.1 3.21829e+07
134.4 3.21824e+07
134.7 3.2182e+07
135 3.21815e+07
135.3 3.2181e+07
135.6 3.21804e+07
135.9 3.21797e+07
136.2 3.21791e+07
136.5 3.21783e+07
136.8 3.21776e+07
137.1 3.21768e+07
137.4 3.21759e+07
137.7 3.2175e+07
138 3.2174e+07
138.3 3.2173e+07
138.6 3.2172e+07
138.9 3.21709e+07
139.2 3.21698e+07
139.5 3.21686e+07
139.8 3.21674e+07
140.1 3.21661e+07
140.4 3.21648e+07
140.7 3.21634e+07
141 3.2162e+07
141.3 3.21606e+07
141.6 3.21591e+07
141.9 3.21575e+07
142.2 3.21559e+07
142.5 3.21543e+07
142.8 3.21526e+07
143.1 3.21509e+07
143.4 3.21491e+07
143.7 3.21473e+07
144 3.21454e+07
144.3 3.21435e+07
144.6 3.21416e+07
144.9 3.21396e+07
145.2 3.21375e+07
145.5 3.21354e+07
145.8 3.21333e+07
146.1 3.21311e+07
146.4 3.21289e+07
146.7 3.21266e+07
147 3.21243e+07
147.3 3.21219e+07
147.6 3.21195e+07
147.9 3.21171e+07
148.2 3.21146e+07
148.5 3.2112e+07
148.8 3.21094e+07
149.1 3.21068e+07
149.4 3.21041e+07
149.7 3.21014e+07
150 3.20986e+07
150.3 3.20958e+07
150.6 3.20929e+07
150.9 3.209e+07
151.2 3.2087e+07
151.5 3.2084e+07
151.8 3.2081e+07
152.1 3.20779e+07
152.4 3.20747e+07
152.7 3.20716e+07
153 3.20683e+07
153.3 3.20651e+07
153.6 3.20617e+07
153.9 3.20584e+07
154.2 3.2055e+07
154.5 3.20515e+07
154.8 3.2048e+07
155.1 3.20444e+07
155.4 3.20408e+07
155.7 3.20372e+07
156 3.20335e+07
156.3 3.20298e+07
156.6 3.2026e+07
156.9 3.20222e+07
157.2 3.20183e+07
157.5 3.20144e+07
157.8 3.20104e+07
158.1 3.20064e+07
158.4 3.20024e+07
158.7 3.19983e+07
159 3.19941e+07
159.3 3.19899e+07
159.6 3.19857e+07
159.9 3.19814e+07
160.2 3.19771e+07
160.5 3.19727e+07
160.8 3.19683e+07
161.1 3.19639e+07
161.4 3.19593e+07
161.7 3.19548e+07
162 3.19502e+07
162.3 3.19455e+07
162.6 3.19409e+07
162.9 3.19361e+07
163.2 3.19313e+07
163.5 3.19265e+07
163.8 3.19216e+07
164.1 3.19167e+07
164.4 3.19118e+07
164.7 3.19067e+07
165 3.19017e+07
165.3 3.18966e+07
165.6 3.18914e+07
165.9 3.18863e+07
166.2 3.1881e+07
166.5 3.18757e+07
166.8 3.18704e+07
167.1 3.1865e+07
167.4 3.18596e+07
167.7 3.18541e+07
168 3.18486e+07
168.3 3.18431e+07
168.6 3.18375e+07
168.9 3.18318e+07
169.2 3.18261e+07
169.5 3.18204e+07
169.8 3.18146e+07
170.1 3.18088e+07
170.4 3.18029e+07
170.7 3.1797e+07
171 3.1791e+07
171.3 3.1785e+07
171.6 3.17789e+07
171.9 3.17728e+07
172.2 3.17667e+07
172.5 3.17605e+07
172.8 3.17543e+07
173.1 3.1748e+07
173.4 3.17416e+07
173.7 3.17353e+07
174 3.17288e+07
174.3 3.17224e+07
174.6 3.17159e+07
174.9 3.17093e+07
175.2 3.17027e+07
175.5 3.1696e+07
175.8 3.16893e+07
176.1 3.16826e+07
176.4 3.16758e+07
176.7 3.1669e+07
177 3.16621e+07
177.3 3.16552e+07
177.6 3.16482e+07
177.9 3.16412e+07
178.2 3.16341e+07
178.5 3.1627e+07
178.8 3.16199e+07
179.1 3.16127e+07
179.4 3.16054e+07
179.7 3.15981e+07
180 3.15908e+07
180.3 3.15834e+07
180.6 3.1576e+07
180.9 3.15685e+07
181.2 3.1561e+07
181.5 3.15534e+07
181.8 3.15458e+07
182.1 3.15382e+07
182.4 3.15305e+07
182.7 3.15227e+07
183 3.15149e+07
183.3 3.15071e+07
183.6 3.14992e+07
183.9 3.14913e+07
184.2 3.14833e+07
184.5 3.14753e+07
184.8 3.14672e+07
185.1 3.14591e+07
185.4 3.1451e+07
185.7 3.14428e+07
186 3.14345e+07
186.3 3.14262e+07
186.6 3.14179e+07
186.9 3.14095e+07
187.2 3.14011e+07
187.5 3.13926e+07
187.8 3.13841e+07
188.1 3.13755e+07
188.4 3.13669e+07
188.7 3.13583e+07
189 3.13495e+07
189.3 3.13408e+07
189.6 3.1332e+07
189.9 3.13232e+07
190.2 3.13143e+07
190.5 3.13054e+07
190.8 3.12964e+07
191.1 3.12874e+07
191.4 3.12783e+07
191.7 3.12692e+07
192 3.126e+07
192.3 3.12508e+07
192.6 3.12416e+07
192.9 3.12323e+07
193.2 3.12229e+07
193.5 3.12135e+07
193.8 3.12041e+07
194.1 3.11946e+07
194.4 3.11851e+07
194.7 3.11755e+07
195 3.11659e+07
195.3 3.11563e+07
195.6 3.11466e+07
195.9 3.11368e+07
196.2 3.1127e+07
196.5 3.11172e+07
196.8 3.11073e+07
197.1 3.10973e+07
197.4 3.10874e+07
197.7 3.10773e+07
198 3.10673e+07
198.3 3.10571e+07
198.6 3.1047e+07
198.9 3.10368e+07
199.2 3.10265e+07
199.5 3.10162e+07
199.8 3.10059e+07
200.1 3.09955e+07
200.4 3.09851e+07
200.7 3.09746e+07
201 3.0964e+07
201.3 3.09535e+07
201.6 3.09429e+07
201.9 3.09322e+07
202.2 3.09215e+07
202.5 3.09107e+07
202.8 3.08999e+07
203.1 3.08891e+07
203.4 3.08782e+07
203.7 3.08673e+07
204 3.08563e+07
204.3 3.08452e+07
204.6 3.08342e+07
204.9 3.08231e+07
205.2 3.08119e+07
205.5 3.08007e+07
205.8 3.07894e+07
206.1 3.07781e+07
206.4 3.07668e+07
206.7 3.07554e+07
207 3.07439e+07
207.3 3.07325e+07
207.6 3.07209e+07
207.9 3.07093e+07
208.2 3.06977e+07
208.5 3.06861e+07
208.8 3.06743e+07
209.1 3.06626e+07
209.4 3.06508e+07
209.7 3.06389e+07
210 3.0627e+07
210.3 3.06151e+07
210.6 3.06031e+07
210.9 3.05911e+07
211.2 3.0579e+07
211.5 3.05669e+07
211.8 3.05547e+07
212.1 3.05425e+07
212.4 3.05302e+07
212.7 3.05179e+07
213 3.05056e+07
213.3 3.04932e+07
213.6 3.04808e+07
213.9 3.04683e+07
214.2 3.04557e+07
214.5 3.04432e+07
214.8 3.04305e+07
215.1 3.04179e+07
215.4 3.04051e+07
215.7 3.03924e+07
216 3.03796e+07
216.3 3.03667e+07
216.6 3.03538e+07
216.9 3.03409e+07
217.2 3.03279e+07
217.5 3.03149e+07
217.8 3.03018e+07
218.1 3.02887e+07
218.4 3.02755e+07
218.7 3.02623e+07
219 3.0249e+07
219.3 3.02357e+07
219.6 3.02223e+07
219.9 3.02089e+07
220.2 3.01955e+07
220.5 3.0182e+07
220.8 3.01685e+07
221.1 3.01549e+07
221.4 3.01413e+07
221.7 3.01276e+07
222 3.01139e+07
222.3 3.01001e+07
222.6 3.00863e+07
222.9 3.00724e+07
223.2 3.00585e+07
223.5 3.00446e+07
223.8 3.00306e+07
224.1 3.00166e+07
224.4 3.00025e+07
224.7 2.99884e+07
225 2.99742e+07
225.3 2.996e+07
225.6 2.99457e+07
225.9 2.99314e+07
226.2 2.9917e+07
226.5 2.99026e+07
226.8 2.98882e+07
227.1 2.98737e+07
227.4 2.98591e+07
227.7 2.98446e+07
228 2.98299e+07
228.3 2.98153e+07
228.6 2.98005e+07
228.9 2.97858e+07
229.2 2.9771e+07
229.5 2.97561e+07
229.8 2.97412e+07
230.1 2.97262e+07
230.4 2.97112e+07
230.7 2.96962e+07
231 2.96811e+07
231.3 2.9666e+07
231.6 2.96508e+07
231.9 2.96356e+07
232.2 2.96203e+07
232.5 2.9605e+07
232.8 2.95896e+07
233.1 2.95742e+07
233.4 2.95588e+07
233.7 2.95433e+07
234 2.95277e+07
234.3 2.95122e+07
234.6 2.94965e+07
234.9 2.94808e+07
235.2 2.94651e+07
235.5 2.94494e+07
235.8 2.94335e+07
236.1 2.94177e+07
236.4 2.94018e+07
236.7 2.93858e+07
237 2.93698e+07
237.3 2.93538e+07
237.6 2.93377e+07
237.9 2.93215e+07
238.2 2.93054e+07
238.5 2.92891e+07
238.8 2.92729e+07
239.1 2.92566e+07
239.4 2.92402e+07
239.7 2.92238e+07
240 2.92073e+07
240.3 2.91908e+07
240.6 2.91743e+07
240.9 2.91577e+07
241.2 2.91411e+07
241.5 2.91244e+07
241.8 2.91076e+07
242.1 2.90909e+07
242.4 2.9074e+07
242.7 2.90572e+07
243 2.90403e+07
243.3 2.90233e+07
243.6 2.90063e+07
243.9 2.89893e+07
244.2 2.89722e+07
244.5 2.8955e+07
244.8 2.89379e+07
245.1 2.89206e+07
245.4 2.89034e+07
245.7 2.8886e+07
246 2.88687e+07
246.3 2.88513e+07
246.6 2.88338e+07
246.9 2.88163e+07
247.2 2.87987e+07
247.5 2.87812e+07
247.8 2.87635e+07
248.1 2.87458e+07
248.4 2.87281e+07
248.7 2.87103e+07
249 2.86925e+07
249.3 2.86746e+07
249.6 2.86567e+07
249.9 2.86388e+07
250.2 2.86208e+07
250.5 2.86027e+07
250.8 2.85846e+07
251.1 2.85665e+07
251.4 2.85483e+07
251.7 2.853e+07
252 2.85118e+07
252.3 2.84934e+07
252.6 2.84751e+07
252.9 2.84567e+07
253.2 2.84382e+07
253.5 2.84197e+07
253.8 2.84011e+07
254.1 2.83825e+07
254.4 2.83639e+07
254.7 2.83452e+07
255 2.83265e+07
255.3 2.83077e+07
255.6 2.82889e+07
255.9 2.827e+07
256.2 2.82511e+07
256.5 2.82321e+07
256.8 2.82131e+07
257.1 2.81941e+07
257.4 2.8175e+07
257.7 2.81558e+07
258 2.81366e+07
258.3 2.81174e+07
258.6 2.80981e+07
258.9 2.80788e+07
259.2 2.80594e+07
259.5 2.804e+07
259.8 2.80205e+07
260.1 2.8001e+07
260.4 2.79815e+07
260.7 2.79619e+07
261 2.79422e+07
261.3 2.79225e+07
261.6 2.79028e+07
261.9 2.7883e+07
262.2 2.78632e+07
262.5 2.78433e+07
262.8 2.78234e+07
263.1 2.78034e+07
263.4 2.77834e+07
263.7 2.77634e+07
264 2.77433e+07
264.3 2.77231e+07
264.6 2.77029e+07
264.9 2.76827e+07
265.2 2.76624e+07
265.5 2.76421e+07
265.8 2.76217e+07
266.1 2.76013e+07
266.4 2.75808e+07
266.7 2.75603e+07
267 2.75397e+07
267.3 2.75191e+07
267.6 2.74985e+07
267.9 2.74778e+07
268.2 2.7457e+07
268.5 2.74363e+07
268.8 2.74154e+07
269.1 2.73945e+07
269.4 2.73736e+07
269.7 2.73527e+07
270 2.73316e+07
270.3 2.73106e+07
270.6 2.72895e+07
270.9 2.72683e+07
271.2 2.72471e+07
271.5 2.72259e+07
271.8 2.72046e+07
272.1 2.71833e+07
272.4 2.71619e+07
272.7 2.71405e+07
273 2.7119e+07
273.3 2.70975e+07
273.6 2.70759e+07
273.9 2.70543e+07
274.2 2.70327e+07
274.5 2.7011e+07
274.8 2.69892e+07
275.1 2.69674e+07
275.4 2.69456e+07
275.7 2.69237e+07
276 2.69018e+07
276.3 2.68798e+07
276.6 2.68578e+07
276.9 2.68357e+07
277.2 2.68136e+07
277.5 2.67915e+07
277.8 2.67693e+07
278.1 2.6747e+07
278.4 2.67247e+07
278.7 2.67024e+07
279 2.668e+07
279.3 2.66576e+07
279.6 2.66351e+07
279.9 2.66126e+07
280.2 2.659e+07
280.5 2.65674e+07
280.8 2.65448e+07
281.1 2.65221e+07
281.4 2.64993e+07
281.7 2.64765e+07
282 2.64537e+07
282.3 2.64308e+07
282.6 2.64079e+07
282.9 2.63849e+07
283.2 2.63619e+07
283.5 2.63388e+07
283.8 2.63157e+07
284.1 2.62926e+07
284.4 2.62694e+07
284.7 2.62461e+07
285 2.62228e+07
285.3 2.61995e+07
285.6 2.61761e+07
285.9 2.61527e+07
286.2 2.61292e+07
286.5 2.61057e+07
286.8 2.60821e+07
287.1 2.60585e+07
287.4 2.60348e+07
287.7 2.60111e+07
288 2.59874e+07
288.3 2.59636e+07
288.6 2.59397e+07
288.9 2.59159e+07
289.2 2.58919e+07
289.5 2.58679e+07
289.8 2.58439e+07
290.1 2.58198e+07
290.4 2.57957e+07
290.7 2.57716e+07
291 2.57474e+07
291.3 2.57231e+07
291.6 2.56988e+07
291.9 2.56745e+07
292.2 2.56501e+07
292.5 2.56257e+07
292.8 2.56012e+07
293.1 2.55767e+07
293.4 2.55521e+07
293.7 2.55275e+07
294 2.55028e+07
294.3 2.54781e+07
294.6 2.54533e+07
294.9 2.54285e+07
295.2 2.54037e+07
295.5 2.53788e+07
295.8 2.53539e+07
296.1 2.53289e+07
296.4 2.53039e+07
296.7 2.52788e+07
297 2.52537e+07
297.3 2.52285e+07
297.6 2.52033e+07
297.9 2.51781e+07
298.2 2.51528e+07
298.5 2.51274e+07
298.8 2.5102e+07
299.1 2.50766e+07
299.4 2.50511e+07
299.7 2.50256e+07
300 2.5e+07
